### 15-puzzle

input: file in.txt

5
1 2 3 4 5 6 7 8 9 10 15 11 13 14 0 12
14 10 6 0 4 9 1 8 2 3 5 11 12 13 7 15
6 10 3 15 14 8 7 11 5 1 0 2 13 12 9 4
0 5 15 14 7 9 6 13 1 2 12 10 8 11 4 3
11 3 1 7 4 6 8 2 15 9 10 13 14 12 5 0


output: 
problem #1
1 2 3 4
5 6 7 8
9 10 15 11
13 14 0 12
LowerBound: 3
A optimal solution of problem: 3 moves
15 11 12
runtime: 0.008000
--------------------------------------------


problem #2
14 10 6 0
4 9 1 8
2 3 5 11
12 13 7 15
LowerBound: 35
A optimal solution of problem: 49 moves
6 10 9 4 14 9 4 1 10 4 1 3 2 14 9 1 3 2 5 11 8 6 4 3 2 5 13 12 14 13 12 7 11 12 7 14 13 9 5 10 6 8 12 7 10 6 7 11 15
runtime: 0.849000
--------------------------------------------


problem #3
6 10 3 15
14 8 7 11
5 1 0 2
13 12 9 4
LowerBound: 32
A optimal solution of problem: 48 moves
9 12 13 5 1 9 7 11 2 4 12 13 9 7 11 2 15 3 2 15 4 11 15 8 14 1 5 9 13 15 7 14 10 6 1 5 9 13 14 10 6 2 3 4 8 7 11 12
runtime: 0.755000
--------------------------------------------


problem #4
0 5 15 14
7 9 6 13
1 2 12 10
8 11 4 3
LowerBound: 42
A optimal solution of problem: 62 moves
7 9 2 1 9 2 5 7 2 5 1 11 8 9 5 1 6 12 10 3 4 8 11 10 12 13 3 4 8 12 13 15 14 3 4 8 12 13 15 14 7 2 1 5 10 11 13 15 14 7 3 4 8 12 15 14 11 10 9 13 14 15
runtime: 126.532000
--------------------------------------------


problem #5
11 3 1 7
4 6 8 2
15 9 10 13
14 12 5 0
LowerBound: 34
A optimal solution of problem: 56 moves
13 10 8 6 4 11 3 1 6 4 9 12 5 13 10 8 12 15 14 5 13 12 15 14 5 13 14 9 11 3 1 6 4 2 8 10 12 15 10 8 7 4 2 11 3 5 9 10 11 3 6 2 3 7 8 12
runtime: 81.308000
--------------------------------------------
